2 2119.586
4 1095.135
6 825.166
8 663.654
10 440.220
12 437.900
14 557.485
16 491.869
18 515.161
20 462.412
22 426.226
24 420.873
2 2163.609
4 1170.943
6 754.173
8 593.652
10 592.717
12 475.985
14 652.327
16 549.651
18 500.686
20 463.015
22 422.608
24 387.297
2 2174.958
4 1122.184
6 834.094
8 658.640
10 571.785
12 414.815
14 650.388
16 558.265
18 504.668
20 463.843
22 420.313
24 395.330
2 2119.374
4 1154.466
6 785.687
8 616.403
10 687.405
12 625.198
14 607.386
16 508.214
18 454.573
20 394.623
22 435.977
24 414.869
2 2097.169
4 1136.634
6 757.636
8 591.827
10 482.808
12 561.458
14 560.300
16 495.234
18 515.393
20 465.128
22 426.231
24 407.812
2 2109.149
4 1121.226
6 860.508
8 744.915
10 489.694
12 620.685
14 577.873
16 489.092
18 439.007
20 462.409
22 434.827
24 401.222
2 2116.409
4 1130.982
6 851.471
8 610.577
10 716.641
12 456.815
14 658.978
16 563.783
18 515.351
20 465.157
22 426.644
24 393.295
2 1917.940
4 1183.669
6 839.819
8 730.082
10 638.622
12 758.501
14 648.543
16 553.131
18 526.533
20 467.996
22 435.996
24 407.600
2 2175.563
4 1151.323
6 726.630
8 594.259
10 788.212
12 756.294
14 646.410
16 535.200
18 501.447
20 472.146
22 378.244
24 358.481
2 2027.726
4 1141.550
6 828.539
8 756.695
10 451.873
12 660.387
14 651.122
16 559.860
18 513.196
20 449.851
22 435.333
24 389.072
2 1140.667
4 732.752
6 772.468
8 598.349
10 760.591
12 675.538
14 719.445
16 652.981
18 730.549
20 765.122
22 810.253
24 830.587
2 1138.466
4 675.502
6 786.930
8 596.870
10 757.475
12 760.537
14 749.236
16 671.763
18 724.676
20 778.889
22 799.774
24 822.129
2 1138.226
4 785.795
6 770.721
8 690.624
10 761.774
12 643.728
14 731.382
16 667.037
18 788.185
20 780.007
22 801.307
24 827.817
2 1139.473
4 793.106
6 770.038
8 582.291
10 739.393
12 676.512
14 714.554
16 688.316
18 714.436
20 790.449
22 789.706
24 798.235
2 1139.458
4 730.295
6 775.530
8 693.970
10 747.891
12 683.124
14 719.301
16 669.349
18 746.598
20 759.426
22 820.263
24 840.748
2 1154.717
4 645.644
6 777.941
8 603.022
10 755.447
12 730.392
14 718.377
16 666.701
18 725.023
20 768.926
22 813.969
24 788.745
2 1156.628
4 842.317
6 772.160
8 590.569
10 770.501
12 7318.840
2 1137.141
4 697.165
6 768.082
8 581.135
10 746.690
12 706.645
14 713.368
16 1377904.866
