2 2124.361
4 1388.057
6 1124.531
8 938.207
10 860.331
12 844.787
14 827.737
16 810.998
18 836.383
20 827.602
22 801.411
24 998.054
2 2116.891
4 1295.527
6 988.987
8 992.197
10 831.438
12 843.898
14 872.314
16 864.299
18 841.346
20 837.691
22 804.626
24 787.907
2 2074.648
4 1374.519
6 1036.411
8 976.314
10 884.779
12 838.757
14 837.866
16 864.739
18 830.619
20 804.273
22 803.000
24 797.636
2 2061.342
4 1360.546
6 959.276
8 949.457
10 880.994
12 824.475
14 851.554
16 814.870
18 820.085
20 820.321
22 806.678
24 778.815
2 2044.266
4 1367.783
6 1089.553
8 965.362
10 875.681
12 859.527
14 890.316
16 850.326
18 872.333
20 858.210
22 794.200
24 808.831
2 2052.054
4 1354.516
6 1055.153
8 982.138
10 893.184
12 894.853
14 872.450
16 867.933
18 849.148
20 823.346
22 801.182
24 781.960
2 2068.591
4 1371.171
6 1100.492
8 867.863
10 900.584
12 841.980
14 832.067
16 836.142
18 833.992
20 843.419
22 801.019
24 800.144
2 2093.019
4 1384.195
6 1124.674
8 865.536
10 861.968
12 849.995
14 851.998
16 852.504
18 822.428
20 787.618
22 789.832
24 803.101
2 2047.051
4 1433.237
6 1096.395
8 1061.138
10 879.935
12 861.038
14 857.703
16 868.329
18 841.347
20 820.895
22 793.807
24 958.945
2 2049.401
4 1370.628
6 1100.704
8 890.702
10 856.628
12 850.642
14 842.238
16 841.638
18 822.098
20 829.340
22 820.364
24 824.230
