2 361047.590
4 195355.555
6 88702.375
8 48894.424
10 34090.001
12 21714.669
14 18161.189
16 17148.507
18 14656.525
20 13157.571
22 10929.306
24 10182.590
2 361317.774
4 193560.755
6 88690.517
8 47909.990
10 32798.255
12 23133.791
14 19036.486
16 16392.811
18 14900.459
20 12743.140
22 10990.303
24 10311.576
2 357483.818
4 197794.928
6 88033.552
8 47504.601
10 31413.980
12 21254.120
14 19018.732
16 16028.125
18 14084.599
20 13593.418
22 10944.936
24 10109.267
2 361148.771
4 198149.835
6 88260.300
8 49503.422
10 31893.811
12 21579.430
14 18992.383
16 16419.380
18 14282.382
20 13350.966
22 9906.872
24 10569.727
2 361007.760
4 196589.876
6 86713.703
8 49636.347
10 32164.341
12 22244.900
14 18858.993
16 16936.273
18 14476.225
20 12880.165
22 10423.334
24 9853.759
