2 362661.750
4 194242.805
6 87133.607
8 48388.405
10 32812.831
12 22066.713
14 19229.713
16 17094.172
18 14101.530
20 12423.771
22 10886.842
24 9845.229
2 361465.137
4 197150.215
6 88150.306
8 49087.217
10 32791.135
12 22888.884
14 19457.942
16 16395.173
18 13511.487
20 12369.823
22 11232.611
24 9875.076
2 361878.415
4 195325.975
6 88451.081
8 49386.283
10 31674.712
12 23043.248
14 18771.412
16 16095.783
18 14063.460
20 12596.068
22 11321.969
24 10341.590
2 363171.692
4 194225.025
6 87393.646
8 48946.299
10 31418.291
12 22805.159
14 18908.122
16 16430.632
18 14524.438
20 12559.540
22 10940.796
24 9572.314
2 362993.685
4 196619.232
6 87554.398
8 48192.710
10 33338.235
12 23418.986
14 19272.190
16 16479.134
18 14139.655
20 12573.371
22 11473.336
24 9857.523
