2 452543.759
4 249767.872
6 118087.805
8 70059.689
10 46491.753
12 35089.758
14 30210.587
16 26023.315
18 23058.266
20 20778.142
22 18624.369
24 16581.810
2 452427.536
4 249134.372
6 118916.411
8 69741.604
10 45982.812
12 34672.602
14 30952.387
16 24030.249
18 24224.826
20 20972.729
22 18610.077
24 16981.629
2 452509.679
4 247727.217
6 116708.965
8 69969.500
10 46074.001
12 33161.532
14 30699.654
16 25185.909
18 22510.468
20 21383.708
22 18414.024
24 16552.264
2 452420.924
4 246908.916
6 119174.723
8 69906.934
10 45123.644
12 33508.929
14 28668.209
16 25352.513
18 23669.164
20 21183.748
22 17581.173
24 15615.876
2 452279.467
4 252431.321
6 116213.230
8 70524.482
10 46466.529
12 35023.802
14 30151.435
16 26743.702
18 23518.957
20 20503.388
22 17471.243
24 15921.308
