2 95753.600
4 48633.037
6 33060.240
8 25343.647
10 20700.512
12 17670.754
14 15950.547
16 14523.675
18 13375.690
20 12436.863
22 11670.074
24 11099.970
2 95788.556
4 48680.547
6 33037.859
8 25339.761
10 20714.994
12 17661.876
14 15929.494
16 14531.403
18 13355.219
20 12508.177
22 11678.270
24 11038.728
2 95763.461
4 48574.638
6 33039.048
8 25335.884
10 20716.863
12 17689.978
14 15919.324
16 14518.565
18 13360.970
20 12468.775
22 11691.154
24 11037.267
2 95743.994
4 48684.862
6 33044.705
8 25366.685
10 20716.952
12 17711.963
14 15929.168
16 14533.266
18 13373.035
20 12470.985
22 11674.548
24 11079.739
2 95693.664
4 48580.312
6 33050.642
8 25338.433
10 20773.347
12 17661.459
14 15948.226
16 14501.057
18 13364.268
20 12430.832
22 11661.938
24 11055.095
